-88.000000
-124.000000
-134.000000
-220.000000
-432.000000
-434.000000
-984.000000
-1418.000000
-1922.000000
-2322.000000
-2326.000000
-2486.000000
-2500.000000
-2484.000000
-2496.000000
-2500.000000
-2500.000000
-2500.000000
-2500.000000
-2500.000000
-2500.000000
-2500.000000
-2500.000000
-2500.000000
-2500.000000
-2500.000000
-2500.000000
-2500.000000
-2496.000000
-2500.000000
-2500.000000
-2500.000000
-2500.000000
-2496.000000
-2500.000000
-2500.000000
-2496.000000
-2500.000000
-2500.000000
-2500.000000
-2500.000000
-2500.000000
-2496.000000
-2500.000000
-2492.000000
-2500.000000
-2500.000000
-2500.000000
-2500.000000
-2500.000000
-2496.000000
-2500.000000
-2492.000000
-2500.000000
-2500.000000
-2500.000000
-2500.000000
-2500.000000
-2500.000000
-2500.000000
-2500.000000
-2496.000000
-2496.000000
-2500.000000
-2492.000000
-2496.000000
-2500.000000
-2500.000000
-2500.000000
-2500.000000
-2500.000000
-2496.000000
-2496.000000
-2500.000000
-2500.000000
-2500.000000
-2500.000000
-2500.000000
-2500.000000
-2496.000000
-2500.000000
-2500.000000
-2496.000000
-2500.000000
-2500.000000
-2500.000000
-2500.000000
-2496.000000
-2492.000000
-2500.000000
-2500.000000
-2500.000000
-2500.000000
-2500.000000
-2500.000000
-2496.000000
-2500.000000
-2500.000000
-2500.000000
-2500.000000
-2500.000000
-2500.000000
-2500.000000
-2500.000000
-2500.000000
-2500.000000
-2500.000000
-2500.000000
-2500.000000
-2500.000000
-2496.000000
-2500.000000
-2500.000000
-2500.000000
-2492.000000
-2496.000000
-2500.000000
-2496.000000
-2500.000000
-2500.000000
-2500.000000
-2496.000000
-2500.000000
-2492.000000
-2500.000000
-2500.000000
-2500.000000
-2500.000000
-2496.000000
-2496.000000
-2496.000000
-2500.000000
-2500.000000
-2500.000000
-2490.000000
-2496.000000
-2500.000000
-2500.000000
-2500.000000
-2496.000000
-2496.000000
-2500.000000
-2500.000000
-2496.000000
-2500.000000
-2496.000000
-2500.000000
-2500.000000
-2500.000000
-2500.000000
-2492.000000
-2492.000000
-2500.000000
-2500.000000
-2496.000000
-2500.000000
-2496.000000
-2496.000000
-2500.000000
-2500.000000
-2496.000000
-2492.000000
-2500.000000
-2500.000000
-2500.000000
-2500.000000
-2496.000000
-2496.000000
-2500.000000
-2500.000000
-2500.000000
-2496.000000
-2496.000000
-2490.000000
-2500.000000
-2500.000000
-2500.000000
-2500.000000
-2496.000000
-2496.000000
-2496.000000
-2496.000000
-2496.000000
-2500.000000
-2500.000000
-2500.000000
-2492.000000
-2492.000000
-2500.000000
-2500.000000
-2500.000000
-2500.000000
-2496.000000
-2496.000000
-2496.000000
-2500.000000
-2500.000000
-2500.000000
-2496.000000
-2500.000000
-2500.000000
-2496.000000
-2500.000000
-2496.000000
-2496.000000
-2500.000000
-2496.000000
-2496.000000
-2500.000000
-2500.000000
-2500.000000
-2500.000000
-2500.000000
-2500.000000
-2500.000000
-2500.000000
-2500.000000
-2500.000000
-2500.000000
-2500.000000
-2496.000000
-2500.000000
-2500.000000
-2500.000000
-2500.000000
-2496.000000
-2500.000000
-2500.000000
-2496.000000
-2500.000000
-2500.000000
-2500.000000
-2500.000000
-2500.000000
-2500.000000
-2500.000000
-2500.000000
-2500.000000
-2496.000000
-2500.000000
-2496.000000
-2500.000000
-2500.000000
-2496.000000
-2500.000000
-2500.000000
-2496.000000
-2496.000000
-2500.000000
-2500.000000
