92
50
50
58
50
16
2
24
-34
-22
94
108
12
-60
-18
-70
-124
-32
-10
70
66
-96
-56
4
0
-214
-146
-122
-102
-72
-68
-56
62
104
210
192
302
326
250
378
314
212
122
100
120
176
278
258
184
228
288
366
334
332
322
210
292
546
554
530
444
368
510
468
488
488
620
598
548
460
484
436
650
680
794
976
1046
928
992
934
830
674
742
502
372
512
610
560
432
278
232
426
474
464
634
626
722
824
1154
1032
1062
1194
1460
1524
1684
1624
1512
1378
1136
1242
1410
1396
1378
1340
1298
1344
1492
1514
1440
1570
1518
1328
1342
1348
1444
976
918
814
710
604
442
20
-310
-372
-522
-500
-664
-646
-756
-898
-804
-856
-616
-668
-806
-706
-696
-614
-324
-40
-8
232
428
506
384
408
334
302
342
280
316
254
252
-10
-32
-298
-500
-520
-442
-556
-440
-580
-448
-544
-68
-16
-166
74
170
58
146
432
324
260
80
28
-62
184
374
296
378
-14
-228
-126
50
-248
-76
-84
-14
484
158
72
-94
-154
-6
120
214
466
556
406
342
90
274
230
28
-252
-38
-60
-260
-658
-410
-216
-216
-214
-254
-74
-104
-146
-132
6
-38
-226
-252
-380
-176
-16
244
416
418
642
534
470
470
438
416
-180
-330
-350
-244
0
-66
-206
-246
-444
-318
-18
64
-220
-246
-460
-580
-366
-404
-464
-246
88
-4
4
48
-38
242
440
578
758
684
696
852
784
566
464
122
12
-208
-336
14
360
304
258
352
248
38
42
-98
-346
-412
-450
-632
-502
-424
-512
-474
-702
-708
-874
-466
-488
-326
-466
-378
-560
-238
-202
60
60
28
-196
-72
162
-200
-2
-150
-612
-378
-278
-358
-540
-788
-916
-1060
-1038
-904
-1110
-978
-1266
-1086
-786
-868
-1172
-1048
-1108
-948
-1186
-1168
-950
-1086
-1138
-1314
-1064
-1358
-1450
-1264
-1312
-1284
-1538
-1376
-1228
-1132
-1362
-1530
-1450
-1386
-1074
-1252
-1590
-1392
-1228
-1094
-972
-710
-624
-546
-444
-266
-342
-8
454
492
220
32
-228
246
320
366
328
-100
-208
-382
-366
-414
-506
-564
-730
-1170
-1100
-804
-478
-774
-940
-1320
-1176
-1106
-1232
-1026
-890
-1182
-1638
-1316
-1424
-1560
-1704
-1750
-1748
-1768
-1700
-1128
-858
-1078
-898
-930
-1100
-1346
-1442
-1660
-1824
-1850
-1748
-1472
-1444
-1656
-1712
-1900
-1678
-1640
-1190
-1396
-1148
-1192
-922
-658
-630
-432
-290
-528
-156
-262
-526
-858
-950
-698
-300
-92
-256
-392
-584
-644
-724
-784
-700
-490
-288
-324
50
288
-10
-224
-174
-60
200
324
368
288
98
408
572
526
542
726
918
662
824
782
1018
662
774
808
604
616
470
652
706
652
418
326
-348
-420
-206
-456
-528
-380
-408
