62500 0.010000
62500 0.049900
62500 0.089800
62500 0.129700
62500 0.169600
62500 0.209500
62500 0.249400
62500 0.289300
62500 0.329200
62500 0.369100
62500 0.409000
62500 0.448900
62500 0.488800
62500 0.528700
62500 0.568600
62500 0.608500
62500 0.648400
62500 0.688300
62500 0.728200
62492 0.768100
62490 0.808000
62494 0.847900
62482 0.887800
62470 0.927700
62468 0.967600
62450 1.007500
62438 1.047400
62388 1.087300
62362 1.127200
-62322 1.167100
62326 1.207000
62280 1.246900
-62232 1.286800
62082 1.326700
-62036 1.366600
-62010 1.406500
61868 1.446400
61790 1.486300
61628 1.526200
-61530 1.566100
-61124 1.606000
-61024 1.645900
-60678 1.685800
-60116 1.725700
-60186 1.765600
-59910 1.805500
-59140 1.845400
58776 1.885300
58332 1.925200
-57224 1.965100
-56618 2.005000
-55722 2.044900
-54870 2.084800
53600 2.124700
51088 2.164600
-48634 2.204500
-46032 2.244400
32462 2.284300
-1624 2.324200
7430 2.364100
-352 2.404000
-1972 2.443900
538 2.483800
510 2.523700
-1662 2.563600
1460 2.603500
694 2.643400
-132 2.683300
174 2.723200
-1344 2.763100
-2106 2.803000
-1202 2.842900
-1836 2.882800
-720 2.922700
-1306 2.962600
-1220 3.002500
270 3.042400
1060 3.082300
386 3.122200
210 3.162100
12 3.202000
108 3.241900
-156 3.281800
352 3.321700
-316 3.361600
126 3.401500
350 3.441400
326 3.481300
502 3.521200
750 3.561100
754 3.601000
358 3.640900
-208 3.680800
572 3.720700
580 3.760600
842 3.800500
142 3.840400
-304 3.880300
-710 3.920200
-1156 3.960100
