         -38
         -34
         -36
         -36
         -40
         -38
         -42
         -46
         -46
         -46
         -46
         -48
         -50
         -52
         -54
         -56
         -60
         -58
         -52
         -56
         -58
         -62
         -64
         -66
         -70
         -72
         -74
         -76
         -78
         -80
         -80
         -78
         -82
         -88
         -88
         -90
         -90
         -86
         -86
         -86
         -84
         -84
         -88
         -92
         -96
         -98
         -94
         -94
         -92
         -94
         -96
         -94
         -96
         -90
         -90
         -84
         -80
         -84
         -80
         -80
         -78
         -78
         -82
         -86
         -86
         -90
         -92
         -94
         -88
         -88
         -82
         -84
         -84
         -82
         -78
         -84
         -84
         -84
         -84
         -84
         -86
         -84
         -88
         -94
         -96
        -100
        -104
        -106
        -106
        -102
        -104
        -106
        -104
        -106
        -108
        -112
        -114
        -114
        -116
        -116
        -116
        -116
        -116
        -118
        -124
        -124
        -128
        -130
        -132
        -130
        -130
        -134
        -130
        -126
        -126
        -128
        -130
        -132
        -132
        -134
        -138
        -136
        -134
        -136
        -140
        -136
        -140
        -142
        -142
        -144
        -148
        -146
        -142
        -144
        -146
        -150
        -152
        -154
        -158
        -156
        -158
        -160
        -164
        -164
        -164
        -166
        -170
        -172
        -172
        -172
        -172
        -172
        -172
        -174
        -178
        -174
        -178
        -184
        -186
        -186
        -184
        -186
        -186
        -184
        -188
        -188
        -190
        -192
        -194
        -194
        -194
        -196
        -198
        -198
        -200
        -200
        -200
        -200
        -202
        -200
        -202
        -202
        -204
        -198
        -200
        -200
        -204
        -204
        -202
        -206
        -204
        -206
        -206
        -210
        -212
        -214
        -220
        -224
        -226
        -226
        -228
        -232
        -232
        -232
        -238
        -238
        -238
        -234
        -236
        -232
        -228
        -232
        -236
        -232
        -232
        -236
        -234
        -230
        -232
        -232
        -236
        -236
        -230
        -228
        -230
        -232
        -236
        -234
        -232
        -230
        -228
        -226
        -228
        -224
        -228
        -228
        -230
        -228
        -230
        -234
        -228
        -230
        -234
        -232
        -230
        -222
        -220
        -220
        -222
        -222
        -226
        -226
        -228
        -226
        -222
        -224
        -228
        -228
        -228
        -228
        -228
        -228
        -232
        -236
        -238
        -238
        -240
        -238
        -240
        -240
        -242
        -242
        -242
        -236
        -240
        -242
        -240
        -240
        -248
        -250
        -252
        -248
        -246
        -244
        -246
        -246
        -246
        -248
        -246
        -248
        -250
        -256
        -262
        -264
        -260
        -264
        -268
        -272
        -276
        -280
        -282
        -282
        -282
        -286
        -280
        -282
        -284
        -282
        -286
        -286
        -286
        -292
        -290
        -290
        -288
        -292
        -290
        -294
        -294
        -296
        -294
        -294
        -294
        -298
        -302
        -302
        -300
        -298
        -302
        -304
        -306
        -300
        -300
        -304
        -300
        -302
        -304
        -302
        -298
        -302
        -302
        -306
        -300
        -298
        -298
        -296
        -298
        -296
        -294
        -294
        -298
        -298
        -300
        -306
        -310
        -308
        -308
        -314
        -314
        -314
        -316
        -312
        -312
        -312
        -310
        -312
        -312
        -316
        -316
        -310
        -312
        -310
        -314
        -316
        -316
        -314
        -314
        -312
        -312
        -312
        -312
        -316
        -320
        -318
        -320
        -324
        -326
        -328
        -328
        -326
        -326
        -324
        -326
        -324
        -326
        -326
        -330
        -326
        -330
        -324
        -330
        -334
        -334
        -336
        -338
        -336
        -334
        -334
        -336
        -338
        -336
        -336
        -332
        -334
        -336
        -342
        -342
        -344
        -346
        -348
        -352
        -352
        -354
        -356
        -360
        -358
        -358
        -364
        -356
        -354
        -356
        -360
        -358
        -362
        -362
        -358
        -356
        -356
        -356
        -360
        -358
        -360
        -362
        -366
        -368
        -364
        -366
        -366
        -364
        -368
        -368
        -370
        -372
        -370
        -374
        -380
        -382
        -384
        -386
        -390
        -392
        -390
        -392
        -394
        -400
        -402
        -406
        -406
        -406
        -410
        -414
        -414
        -412
        -414
        -418
        -418
        -418
        -418
        -420
        -414
        -414
        -416
        -412
        -410
        -410
        -406
        -410
        -406
        -404
        -400
        -394
        -398
        -398
        -396
        -400
        -400
        -400
        -404
        -408
        -406
        -408
        -408
        -408
        -406
        -404
        -406
        -406
        -404
        -400
        -398
        -398
        -396
        -392
        -392
        -392
        -384
        -386
        -388
        -388
        -386
        -390
        -390
        -390
        -392
        -392
        -394
        -396
        -396
        -396
        -398
        -396
        -398
        -394
        -398
        -398
        -400
        -400
        -400
        -398
        -402
        -404
        -406
        -406
        -410
        -412
        -410
        -408
        -402
        -404
        -396
        -394
        -390
        -392
        -390
        -394
        -394
        -394
        -394
        -390
        -390
        -392
        -392
        -388
        -390
        -390
        -392
        -390
        -382
        -382
        -382
        -382
        -384
        -382
        -384
        -384
        -388
        -388
        -392
        -396
        -402
        -404
        -406
        -406
        -410
        -406
        -406
        -402
        -400
        -402
        -402
        -400
        -398
        -396
        -396
        -398
        -396
        -396
        -396
        -400
        -404
        -402
        -402
        -400
        -400
        -398
        -402
        -408
        -410
        -406
        -410
        -408
        -410
        -414
        -416
        -420
        -418
        -414
        -414
        -410
        -412
        -412
        -412
        -412
        -410
        -404
        -406
        -404
        -400
        -400
        -392
        -388
        -390
        -386
        -388
        -390
        -388
        -394
        -392
        -388
        -384
        -386
        -388
        -388
        -386
        -380
        -380
        -380
        -380
        -380
        -384
        -386
        -384
        -382
        -382
        -382
        -382
        -386
        -386
        -388
        -390
        -388
        -384
        -382
        -384
        -376
        -380
        -380
        -380
        -380
        -380
        -378
        -380
        -378
        -380
        -384
        -382
        -380
        -382
        -380
        -380
        -384
        -386
        -384
        -390
        -392
        -392
        -382
        -382
        -378
        -374
        -374
        -374
        -374
        -372
        -370
        -368
        -366
        -370
        -372
        -372
        -376
        -376
        -374
        -372
        -370
        -374
        -376
        -372
        -368
        -370
        -370
        -376
        -374
        -376
        -380
        -384
        -382
        -386
        -384
        -388
        -392
        -390
        -394
        -396
        -398
        -400
        -398
        -396
        -400
        -404
        -404
        -406
        -406
        -406
        -406
        -408
        -414
        -410
        -414
        -414
        -414
        -412
        -408
        -406
        -402
        -400
        -400
        -398
        -402
        -400
        -398
        -402
        -404
        -400
        -400
        -396
        -400
        -406
        -408
        -410
        -412
        -412
        -414
        -416
        -420
        -424
        -420
        -424
        -428
        -428
        -430
        -434
        -434
        -432
        -430
        -432
        -430
        -430
        -430
        -434
        -428
        -432
        -430
        -426
        -426
        -428
        -432
        -434
        -436
        -432
        -430
        -426
        -422
        -424
        -420
        -420
        -418
        -418
        -420
        -422
        -420
        -414
        -412
        -414
        -410
        -410
        -414
        -414
        -412
        -414
        -416
        -420
        -420
        -424
        -422
        -422
        -420
        -422
        -422
        -426
        -422
        -414
        -412
        -414
        -414
        -416
        -418
        -420
        -422
        -420
        -422
        -422
        -420
        -422
        -426
        -426
        -420
        -418
        -420
        -420
        -422
        -422
        -424
        -424
        -422
        -424
        -422
        -414
        -418
        -420
        -420
        -416
        -416
        -414
        -414
        -414
        -412
        -410
        -406
        -408
        -408
        -410
        -414
        -408
        -406
        -410
        -414
        -418
        -416
        -414
        -414
        -416
        -416
        -418
        -418
        -416
        -418
        -416
        -416
        -416
        -412
        -416
        -416
        -416
        -414
        -412
        -412
        -412
        -412
        -410
        -408
        -406
        -404
        -398
        -392
        -392
        -394
        -394
        -396
        -392
        -392
        -386
        -386
        -386
        -384
        -384
        -386
        -390
        -394
        -390
        -390
        -392
        -394
        -396
        -396
        -396
        -400
        -394
        -396
        -400
        -396
        -392
        -390
        -392
        -386
        -390
        -394
        -392
        -392
        -392
        -388
        -386
        -386
        -388
        -392
        -388
        -392
        -396
        -394
        -392
        -392
        -392
        -396
        -402
        -400
        -400
        -400
        -400
        -404
        -406
        -408
        -408
        -414
        -414
        -414
        -408
        -404
        -408
        -406
        -402
        -402
        -396
        -398
        -394
        -396
        -400
        -394
        -398
        -402
        -400
        -402
        -398
        -398
        -396
        -394
        -396
        -398
        -402
        -404
        -406
        -406
        -400
        -406
        -402
        -398
        -396
        -390
        -380
        -382
        -384
        -382
        -382
        -378
        -380
        -378
        -378
        -376
        -370
        -368
        -364
