         -12
         -14
         -10
         -12
         -16
         -24
         -30
         -38
         -22
         -18
         -22
         -28
         -28
         -24
         -28
         -22
         -22
         -36
         -18
         -24
         -16
         -18
         -22
         -18
         -12
         -12
         -20
         -20
         -30
         -34
         -32
         -20
         -30
         -30
         -22
         -30
         -38
         -24
         -38
         -44
         -36
         -34
         -40
         -28
         -28
         -30
         -22
         -28
         -16
         -14
         -16
         -18
         -22
         -18
         -22
         -18
         -18
         -22
         -20
         -20
         -18
         -16
         -16
         -16
         -16
         -14
         -18
         -32
         -32
         -24
         -28
         -14
         -22
         -24
         -24
         -30
         -28
         -28
         -30
         -16
         -18
         -20
         -16
         -16
         -16
         -22
         -32
         -26
         -18
         -28
         -36
         -42
         -42
         -50
         -50
         -44
         -60
         -66
         -46
         -42
