         -46
         -42
         -44
         -52
         -50
         -30
         -28
         -40
         -20
         -30
         -48
         -86
         -88
         -86
         -40
         -36
         -38
         -24
         -10
         -18
         -26
          16
          72
          70
         110
         108
         -10
         -26
          72
          70
          18
          66
          -6
          -8
          22
           6
          -2
          14
          -8
          -2
          20
          14
          46
          62
          60
          74
          66
           6
          18
         270
         244
         -92
         -88
         -90
         -66
         -60
         -64
        -122
         -96
         -90
         -84
         202
        -224
        -404
        -384
        -382
        -252
        -368
        -378
        -318
        -298
        -290
        -398
        -342
        -344
        -348
        -346
        -348
        -356
        -358
        -772
        -774
        -800
        -680
        1178
       -1526
       -1524
        1808
       -1976
        2142
        2140
       -2168
       -2136
        2230
       -2228
        2306
       -2256
        2222
       -2298
       -2292
        2186
        2184
       -2268
        2298
       -2106
        2272
       -2280
        2280
       -2310
        2234
       -2296
        2206
       -2158
        2234
       -2232
        2174
       -2158
        2152
       -2188
        2206
       -2184
        2092
       -2208
        2202
        -374
        1924
       -2100
        2182
       -2202
        2182
       -2132
        2296
       -2224
        2186
        2184
       -2142
        2122
       -2250
        2278
       -2216
        2242
       -2270
        2164
       -2260
        2226
        1130
       -2134
        2240
       -2166
       -2160
        2146
       -2232
       -2268
       -2266
        2262
       -2210
        2246
       -2316
        2252
       -2224
        2276
       -2246
        2212
       -2244
        2228
       -2236
        2230
       -2238
        2240
       -2258
        2250
        2252
       -2300
        2298
       -2296
        2216
        2226
       -2266
        2278
       -2220
       -2222
        2124
       -2176
        2210
       -2250
        2232
       -2304
        2250
       -2298
        2176
       -2248
        2286
       -2246
       -2218
        2212
       -2246
        2284
       -2278
        2270
       -2260
        2250
       -2248
        2232
        2230
       -2132
        2210
       -2150
        2124
       -2290
        2218
       -2236
        2216
       -2204
       -2206
        2236
       -2258
        2298
       -2328
        2268
        2258
       -2342
        2276
       -2222
        2166
       -1076
        1946
       -2066
        2142
       -2288
        2300
       -2204
        2290
        2292
       -2322
        2274
       -2276
        2236
       -2250
        2298
       -2294
        2220
       -2308
        2214
       -2270
        2274
        2276
       -2348
        2282
       -2250
        2302
       -2232
       -2214
        2178
       -2282
        2200
       -2190
        2176
       -2230
        2216
       -2286
       -2288
        2110
        2114
       -2200
        2168
       -2154
        2242
       -2194
        2240
       -2208
        2276
       -2230
        2168
       -2250
        2136
       -2318
        2304
       -2322
        2282
       -2230
       -2232
        2266
        2264
       -2184
        2260
       -2200
       -2198
        2130
       -2194
        2268
       -2234
       -2232
        2258
       -2074
        2136
       -2192
        2204
       -2230
        2246
       -2220
        2252
       -2252
        2260
       -2266
        2232
       -2294
       -2308
        2254
       -2276
        2218
       -2326
        2238
       -2232
        2184
       -2022
       -2018
        2226
       -2248
        2258
       -2222
        2278
       -2250
        2256
       -2280
        2258
       -2146
        2262
       -2278
        2298
       -2208
       -2218
        2284
       -2124
        2224
       -2226
        2234
       -2284
        2234
       -2230
        2232
       -2300
       -2298
        2296
       -2240
        2306
       -2288
        2276
       -2320
       -2316
        2270
       -2250
        2180
       -2172
        2176
       -2246
       -2254
        2156
       -2312
        2184
       -2286
        2166
       -2254
        2254
       -2252
        2184
       -2274
        2124
       -2124
       -2128
        2252
       -2090
        2222
       -2154
        2112
       -2172
        2218
       -2248
        2302
       -2236
        2292
       -2152
        2138
       -2172
       -2174
        2222
       -2268
       -2270
        2274
       -2198
        2214
       -2294
       -2292
        2256
       -2244
        2240
       -2172
        2190
       -2160
        2132
        2114
        1384
       -2174
        2260
       -2178
        2266
       -2212
        2256
       -2246
        2324
        2322
        2320
       -2298
        2314
        2260
       -2272
        2174
       -2170
        2282
       -2246
        2192
        2198
       -2170
        2222
       -2268
        2296
       -2234
        2276
       -2224
        2166
       -2308
        2274
       -2284
       -2286
        2154
       -2172
        2102
        2106
       -2306
        2202
       -2280
       -2284
        2168
       -2226
        2226
       -2094
       -2096
        2094
       -2186
       -2190
        2254
       -2238
        2202
       -2128
        2182
       -2266
        2178
       -2178
       -2198
        2194
       -2226
        2202
       -2252
        2268
       -2166
        2202
       -2282
        2202
       -2286
        2210
       -2220
        2256
       -2270
        2272
        2276
       -2292
        2340
       -2346
        2208
       -2266
        2142
        2144
        2138
       -2252
       -2242
        2314
        2316
       -2332
       -2328
        2342
       -2300
        2248
       -2256
        2312
       -2306
        2274
       -2158
        2298
       -2330
       -2328
        2286
        2284
       -2292
       -2280
        2176
       -2180
       -2170
        2272
       -2190
        2206
       -2202
        2154
       -2234
        2158
       -2210
       -2204
        2226
        2234
       -2242
        2162
       -2188
        2298
        2296
       -2254
       -2246
        2176
       -2160
        2234
       -2212
        2252
       -2238
        2238
       -2322
        2206
        2210
       -2212
        2222
       -2280
        2232
       -2246
        2298
       -2194
        2216
       -2230
        2054
        2056
       -2286
        2234
       -2252
        2272
       -2226
       -2222
        2246
       -2206
        2108
       -2230
        2068
       -2242
        2246
       -2214
        2250
        2254
       -2298
        2246
       -2200
        2214
       -2166
        2210
       -2278
        2276
       -2216
       -2222
        2320
       -2224
        2246
       -2178
        2202
       -2240
        2278
        2304
       -2250
        2278
       -2296
        2268
       -2244
        2304
       -2260
        2198
       -2290
       -2292
        2280
       -2244
        2194
       -2256
       -2254
        2308
       -2288
        2254
       -2240
        2242
       -2256
        2272
       -2260
        2228
       -2154
        2270
       -2288
        2274
        2278
       -2214
        2206
       -2216
        2150
       -2280
        2254
       -1878
        2066
        2126
       -2122
        2164
       -2218
        2262
       -2272
        2272
       -2282
       -2280
        2210
       -2260
        2280
       -2260
        2310
       -2266
        2284
       -2208
        2248
       -2240
        2222
       -2204
        2292
       -2270
        2232
       -2202
        2250
       -2248
        2182
       -2250
        2246
       -2300
        2258
       -2184
        2248
       -2298
        2264
       -2264
        2248
       -2246
        2322
       -2224
        2236
       -2208
        2162
       -2252
        2252
       -2244
        2196
       -2268
        2278
       -2332
        2252
       -2312
        2152
       -2240
        2256
       -2292
        2268
       -2242
        2124
       -2218
        2184
       -2218
        2256
       -2238
        2310
       -2258
        2136
       -2278
        2058
       -2178
        2284
       -2306
        2330
       -2242
        2268
       -2298
        2226
       -2296
        2302
       -2302
        2302
       -2244
        2228
       -2246
        2262
       -2254
       -2250
        2156
       -2160
        2188
       -2202
        2264
       -2232
        2180
       -2254
        2308
       -2252
        2176
       -2242
        2294
       -2250
        2212
       -2252
        2198
       -2248
        2200
       -2256
        2146
       -2264
        2186
       -2058
        2096
       -2180
        2144
       -2210
        2216
       -2238
        2274
       -2222
       -2220
        2210
       -2250
        2286
       -2296
        2260
       -2276
       -2274
        2264
       -2232
       -2214
        2296
       -2234
        2248
       -2276
        2248
       -2250
        2250
       -2182
        2238
       -2262
        2270
       -2242
        2166
       -2188
        2206
       -1994
        2228
       -2292
        2236
       -2258
        2320
        2322
       -2310
        2166
       -2156
       -2158
        2164
       -2186
        2242
       -2204
        2184
       -2004
        2186
       -2242
        2260
       -2240
       -2236
        2294
       -2224
        2228
       -2184
        2226
       -2230
        2196
       -2188
        2198
       -2206
        2270
       -2316
        2242
        2240
       -2136
        2178
       -2322
       -2320
        2186
        2182
       -2336
       -2342
        2290
        1690
        2276
       -2274
        2290
       -2240
        2278
       -2286
        2312
       -2272
        2274
       -2246
        2272
        2268
       -2214
        2282
       -2178
        2270
       -2152
        2250
       -2328
        2244
       -2272
        2038
       -2254
        2226
       -2240
        2248
       -2244
        2234
       -2218
        2300
       -2302
        2264
       -2216
       -2214
        2224
       -2232
        2124
       -2176
        2158
       -2140
        2234
       -2176
        2234
       -2116
        2232
       -2232
        2110
        2132
       -2202
        2302
        2306
       -2276
        2208
       -2248
        2242
       -2282
        2188
       -2190
        2112
       -2242
        2322
       -2244
        2256
       -2264
        2280
       -2318
       -2326
        2214
       -2298
        2142
       -2266
        2244
       -2260
        2258
       -2238
        2190
       -2224
        2238
       -2240
       -2252
        2148
       -2080
       -2068
        2218
       -2222
        2220
       -2142
        2238
       -2234
        2318
       -2262
        2246
       -2226
        2220
       -2238
        2300
       -2242
        2270
       -2198
        2256
       -2270
        2244
       -2198
        2320
       -2336
        2288
       -2210
        2294
       -2296
        2302
       -2172
        2178
       -2202
        2306
       -2242
        2256
       -2314
        2254
       -2254
        2200
       -2106
        2202
       -2276
        2248
       -2304
        2242
       -2196
        2272
        2270
       -2180
        2154
       -2234
        2212
       -2254
        2212
       -2298
        2270
       -2218
        2244
       -2334
        2250
       -2190
        2192
       -2232
        2198
       -2224
        2052
        2050
       -2184
        2242
       -2244
        2234
       -2178
        2258
        2254
       -2330
        2310
       -2268
        2198
       -2236
        2250
        2252
       -2248
        2286
       -2274
        2274
       -2278
        1982
        1984
        2064
       -2196
       -2198
        2200
       -2242
        2238
       -2312
        2260
       -2294
       -2296
        2240
       -2260
        2204
       -2298
        2238
       -2126
        2262
       -2212
        2298
       -2244
        2248
       -2292
        2238
