          42
          46
          40
          46
          48
          54
          50
          46
          50
          58
          64
          70
          76
          82
          74
          78
          80
          82
          86
          84
          82
          78
          76
          72
          70
          74
          76
          74
          78
          84
          88
          80
          82
          76
          72
          74
          72
          68
          70
          72
          76
          78
          72
          70
          66
          68
          64
          70
          78
          70
          74
          82
          84
          80
          84
          92
          86
          92
          86
          80
          84
          90
          86
          88
          92
          96
         100
          96
          90
          86
          80
          82
          86
          90
          86
          78
          74
          80
          74
          70
          66
          60
          56
          64
          62
          60
          54
          50
          52
          46
          42
          46
          42
          50
          48
          54
          52
          58
          54
          48
          42
          46
          38
          36
          40
          38
          44
          38
          32
          24
          18
          22
          16
          24
          30
          32
          34
          38
          34
          32
          36
          42
          46
          52
          50
          46
          52
          48
          50
          52
          56
          50
          56
          62
          64
          62
          56
          46
          44
          38
          40
          32
          34
          38
          32
          36
          38
          34
          38
          34
          28
          34
          38
          34
          30
          24
          22
          16
          18
          22
          28
          30
          36
          30
          28
          22
          18
          26
          34
          30
          26
          28
          24
          22
          16
          12
          10
           6
          10
          16
          20
          14
          20
          12
           8
           0
          -2
           2
           0
           4
          10
           2
          -2
           0
           4
           0
          -4
          -2
          -6
         -12
          -2
         -10
         -14
          -8
         -14
         -18
         -12
          -6
         -10
          -4
         -10
         -16
         -10
          -2
          -8
         -16
         -12
          -6
         -12
         -20
         -26
         -24
         -30
         -22
         -30
         -28
         -30
         -36
         -40
         -46
         -42
         -46
         -42
         -50
         -54
         -48
         -44
         -50
         -52
         -46
         -38
         -42
         -38
         -36
         -40
         -48
         -56
         -50
         -58
         -66
         -68
         -66
         -68
         -74
         -72
         -70
         -68
         -72
         -66
         -60
         -64
         -70
         -74
         -78
         -68
         -70
         -74
         -80
         -86
         -92
         -86
         -88
         -86
         -78
         -72
         -68
         -62
         -58
         -48
         -46
         -44
         -50
         -44
         -38
         -42
         -36
         -32
         -30
         -22
         -26
         -22
         -14
          -8
          -6
         -12
         -10
          -2
         -10
         -14
         -16
         -10
          -2
           0
           2
          10
          16
          14
           8
           6
          10
          14
          22
          28
          26
          20
          22
          24
          22
          18
          14
          10
           6
           2
           8
          12
          18
          24
          18
          14
          22
          26
          32
          28
          36
          44
          42
          46
          42
          46
          42
          38
          34
          26
          22
          26
          18
          14
          18
          22
          14
          18
          14
           8
           4
           2
           8
          10
           6
          14
          10
           6
          12
          16
          12
          18
          12
          16
          10
           0
           6
          12
          18
          22
          18
          14
           6
          12
          10
          12
          20
          24
          26
          28
          34
          38
          42
          46
          40
          44
          38
          42
          38
          34
          28
          32
          28
          22
          16
          14
          24
          30
          26
          24
          20
          22
          16
          20
          16
          18
          22
          30
          24
          28
          22
          20
          16
          20
          18
          24
          20
          28
          36
          34
          30
          28
          24
          30
          24
          16
          20
          22
          24
          18
          24
          16
          10
           6
          10
           8
           4
          -2
           4
           8
           4
          14
           8
          10
          14
          10
          12
          10
          14
          10
          14
          10
          14
          18
          22
          26
          24
          16
          10
          14
           6
          12
          10
          14
          10
          14
           8
           0
           4
          -2
           0
           2
           6
          -2
           4
           8
          16
          20
          28
          22
          18
          12
          20
          22
          30
          24
          18
          24
          26
          30
          24
          18
          24
          20
          18
          20
          16
          18
          24
          30
          26
          20
          28
          26
          16
           8
           6
           2
           4
           8
           4
          -2
          -8
         -10
          -4
          -6
         -10
          -8
         -10
          -6
           0
          -8
         -12
          -8
         -12
          -8
         -10
          -4
          -2
           4
           0
          -4
          -8
          -4
         -10
          -6
          -2
          -6
         -12
         -18
         -14
          -8
          -2
          -6
         -12
         -10
         -20
         -26
         -20
         -18
         -10
          -2
           2
           4
           8
           2
           4
          10
          18
          12
           4
           0
           2
           6
          -2
          -8
         -12
         -18
         -14
         -10
          -8
         -12
         -14
         -18
         -20
         -26
         -30
         -36
         -30
         -26
         -36
         -40
         -32
         -36
         -32
         -28
         -36
         -30
         -34
         -30
         -22
         -16
         -10
          -8
         -10
          -4
           0
          -6
         -10
         -14
         -16
         -24
         -26
         -18
         -26
         -18
         -22
         -28
         -22
         -16
         -14
         -12
         -20
         -24
         -30
         -34
         -42
         -34
         -36
         -32
         -26
         -22
         -18
         -22
         -28
         -22
         -14
          -6
          -4
         -10
         -12
         -20
         -14
          -6
           0
         -10
          -8
          -6
          -8
          -2
           4
          12
          16
          20
          14
          10
           8
           6
          12
          20
          26
          30
          26
          30
          24
          26
          30
          22
          16
          20
          18
          24
          28
          24
          30
          34
          38
          44
          42
          48
          50
          44
          40
          34
          30
          36
          30
          34
          30
          26
          20
          16
          10
          20
          26
          32
          26
          22
          18
          16
          10
          12
           8
          14
          18
          10
           8
           2
          -2
          -6
         -10
         -14
         -10
         -12
         -22
         -32
         -40
         -34
         -40
         -32
         -34
         -32
         -28
         -24
         -20
         -26
         -28
         -32
         -26
         -22
         -30
         -22
         -18
         -14
         -20
         -24
         -22
         -18
         -20
         -24
         -28
         -24
         -18
         -14
         -18
         -20
         -22
         -28
         -34
         -42
         -38
         -46
         -52
         -46
         -42
         -40
         -34
         -28
         -26
         -28
         -22
         -24
         -30
         -38
         -44
         -40
         -48
         -54
         -60
         -56
         -54
         -56
         -60
         -54
         -50
         -48
         -44
         -52
         -46
         -54
         -60
         -64
         -62
         -66
         -60
         -58
         -62
         -56
         -60
         -58
         -54
         -60
         -50
         -54
         -46
         -40
         -48
         -46
         -50
         -54
         -50
         -54
         -48
         -42
         -34
         -30
         -32
         -26
         -20
         -12
         -16
          -8
          -4
           2
          -2
           2
           8
           4
           6
           2
          -2
           4
           0
           6
           0
           8
          12
           4
          -4
           2
           0
           4
           0
          -6
          -4
          -6
           0
           4
           8
           4
          -2
          -4
           2
          -4
           0
          -4
         -10
          -8
         -12
          -6
           2
           6
           2
          -4
          -8
         -10
          -4
           2
          -6
         -12
         -18
         -10
         -14
         -22
         -28
         -18
         -12
         -10
         -18
         -14
          -6
          -2
          -6
           0
           4
          -2
          -8
          -4
           2
          -2
          -4
          -8
          -6
          -8
         -14
         -20
         -16
         -12
          -8
           0
          -4
           0
           4
           0
          -2
           4
           0
          -6
         -12
          -8
          -4
           4
           2
           6
           0
           2
          -4
         -12
         -20
         -26
         -20
         -24
         -30
         -24
         -20
         -12
         -18
         -16
         -20
         -22
         -18
         -12
          -8
         -12
         -22
         -20
         -14
         -20
         -28
         -32
         -30
         -24
         -28
         -22
         -28
         -36
         -42
         -48
         -52
         -58
         -60
         -54
         -52
         -56
         -52
         -56
         -52
         -54
         -60
         -64
         -68
         -76
         -72
         -66
         -70
         -72
         -70
         -64
         -56
         -62
         -64
         -68
         -72
         -80
         -84
         -80
         -76
         -70
         -60
         -54
         -62
         -60
         -64
         -58
         -64
         -56
         -50
         -56
         -64
         -70
         -80
         -76
         -82
         -86
         -80
         -78
         -76
         -70
         -66
         -62
         -56
         -50
         -44
         -48
         -40
         -36
         -44
         -46
         -40
         -34
         -38
         -32
         -30
         -24
         -18
         -26
         -34
